(kicad_pcb (version 4) (host pcbnew "(2015-01-17 BZR 5377)-product")

  (general
    (links 302)
    (no_connects 39)
    (area 21.539999 20.777999 110.540001 100.888001)
    (thickness 1.6)
    (drawings 89)
    (tracks 1386)
    (zones 0)
    (modules 86)
    (nets 150)
  )

  (page A4)
  (layers
    (0 F.Cu signal)
    (31 B.Cu signal)
    (32 B.Adhes user)
    (33 F.Adhes user)
    (34 B.Paste user)
    (35 F.Paste user)
    (36 B.SilkS user hide)
    (37 F.SilkS user)
    (38 B.Mask user)
    (39 F.Mask user)
    (40 Dwgs.User user)
    (41 Cmts.User user)
    (42 Eco1.User user)
    (43 Eco2.User user)
    (44 Edge.Cuts user)
    (45 Margin user)
    (46 B.CrtYd user)
    (47 F.CrtYd user)
    (48 B.Fab user)
    (49 F.Fab user)
  )

  (setup
    (last_trace_width 0.5)
    (user_trace_width 0.4)
    (user_trace_width 0.5)
    (trace_clearance 0.127)
    (zone_clearance 0.3)
    (zone_45_only no)
    (trace_min 0.2)
    (segment_width 0.3)
    (edge_width 0.1)
    (via_size 0.635)
    (via_drill 0.5)
    (via_min_size 0.635)
    (via_min_drill 0.5)
    (uvia_size 0.635)
    (uvia_drill 0.254)
    (uvias_allowed no)
    (uvia_min_size 0.508)
    (uvia_min_drill 0.127)
    (pcb_text_width 0.3)
    (pcb_text_size 1.5 1.5)
    (mod_edge_width 0.15)
    (mod_text_size 1 1)
    (mod_text_width 0.15)
    (pad_size 1.5 1.5)
    (pad_drill 0.6)
    (pad_to_mask_clearance 0)
    (aux_axis_origin 0 0)
    (grid_origin 21.59 100.838)
    (visible_elements FFFFFF7F)
    (pcbplotparams
      (layerselection 0x010f0_80000001)
      (usegerberextensions false)
      (excludeedgelayer true)
      (linewidth 0.100000)
      (plotframeref false)
      (viasonmask false)
      (mode 1)
      (useauxorigin false)
      (hpglpennumber 1)
      (hpglpenspeed 20)
      (hpglpendiameter 15)
      (hpglpenoverlay 2)
      (psnegative false)
      (psa4output false)
      (plotreference true)
      (plotvalue false)
      (plotinvisibletext false)
      (padsonsilk false)
      (subtractmaskfromsilk false)
      (outputformat 1)
      (mirror false)
      (drillshape 0)
      (scaleselection 1)
      (outputdirectory gerbers/))
  )

  (net 0 "")
  (net 1 /CPU/V_BAT)
  (net 2 GND)
  (net 3 +3V3)
  (net 4 +1V8)
  (net 5 "Net-(C4-Pad1)")
  (net 6 "Net-(C5-Pad1)")
  (net 7 /CPU/USB_VBUS)
  (net 8 "/Power Supply/USB_VBUS2")
  (net 9 "Net-(C15-Pad1)")
  (net 10 +5V)
  (net 11 "Net-(D1-Pad1)")
  (net 12 "Net-(D1-Pad2)")
  (net 13 "Net-(D5-Pad1)")
  (net 14 "Net-(FB1-Pad2)")
  (net 15 "Net-(FB2-Pad2)")
  (net 16 "Net-(FB3-Pad2)")
  (net 17 "Net-(FB4-Pad2)")
  (net 18 /CPU/GP134)
  (net 19 "Net-(GS1-Pad2)")
  (net 20 /CPU/TTY_RX)
  (net 21 /CPU/GP135)
  (net 22 "Net-(GS2-Pad2)")
  (net 23 /CPU/TTY_TX)
  (net 24 /CPU/GP77)
  (net 25 "Net-(GS3-Pad2)")
  (net 26 /CPU/SD_0_CD)
  (net 27 "Net-(J1-Pad3)")
  (net 28 "Net-(J1-Pad2)")
  (net 29 /CPU/USB_ID)
  (net 30 "Net-(J2-Pad3)")
  (net 31 "Net-(J2-Pad2)")
  (net 32 "Net-(J2-Pad4)")
  (net 33 "/SD Card/DAT1")
  (net 34 "/SD Card/DAT0")
  (net 35 "/SD Card/CLK")
  (net 36 "/SD Card/CMD")
  (net 37 "/SD Card/DAT3")
  (net 38 "/SD Card/DAT2")
  (net 39 /CPU/I2C1_SDA)
  (net 40 /CPU/I2C2_SDA)
  (net 41 /CPU/I2C1_SCL)
  (net 42 /CPU/I2C2_SCL)
  (net 43 /CPU/SPI_CS1)
  (net 44 /CPU/I2S_RXD)
  (net 45 /CPU/SPI_CS0)
  (net 46 /CPU/I2S_TXD)
  (net 47 /CPU/SPI_CLK)
  (net 48 /CPU/I2S_CLK)
  (net 49 /CPU/SPI_MOSI)
  (net 50 /CPU/I2S_FS)
  (net 51 /CPU/SPI_MISO)
  (net 52 /CPU/UART_CTS)
  (net 53 /CPU/UART_RX)
  (net 54 /CPU/UART_RTS)
  (net 55 /CPU/UART_TX)
  (net 56 /CPU/GPIO13)
  (net 57 /CPU/GPIO49)
  (net 58 /CPU/GPIO165)
  (net 59 /CPU/GPIO15)
  (net 60 /CPU/GPIO44)
  (net 61 /CPU/GPIO14)
  (net 62 /CPU/GPIO45)
  (net 63 /CPU/GPIO46)
  (net 64 /CPU/GPIO134)
  (net 65 /CPU/GPIO47)
  (net 66 /CPU/GPIO135)
  (net 67 /CPU/GPIO48)
  (net 68 /CPU/RST_OUT)
  (net 69 /CPU/GPIO183)
  (net 70 /CPU/CLK_32kHz)
  (net 71 /CPU/GPIO182)
  (net 72 /CPU/CLK_19.2MHz)
  (net 73 /CPU/GPIO12)
  (net 74 /CPU/GPIO77)
  (net 75 /CPU/RESET_OUT)
  (net 76 /CPU/I2C_1_SCL)
  (net 77 /CPU/I2C_1_SDA)
  (net 78 /CPU/I2C_6_SCL)
  (net 79 /CPU/I2C_6_SDA)
  (net 80 "Net-(R1-Pad1)")
  (net 81 /CPU/PWR_BTN)
  (net 82 /CPU/FW_RCVR)
  (net 83 "Net-(R5-Pad2)")
  (net 84 /USB/FAULT)
  (net 85 /USB/EN)
  (net 86 "Net-(R16-Pad1)")
  (net 87 /CPU/RCVR_MODE)
  (net 88 /CPU/USB_DM)
  (net 89 /CPU/USB_DP)
  (net 90 "Net-(TR2-Pad2)")
  (net 91 "Net-(TR2-Pad3)")
  (net 92 /CPU/UART_1_CTS)
  (net 93 /CPU/UART_1_RTS)
  (net 94 /CPU/UART_1_RX)
  (net 95 /CPU/SPI_2_RXD)
  (net 96 /CPU/SPI_2_TXD)
  (net 97 /CPU/SPI_2_CLK)
  (net 98 /CPU/SPI_2_FS0)
  (net 99 /CPU/SPI_2_FS1)
  (net 100 /CPU/SD_0_DAT1)
  (net 101 /CPU/CLK_OUT_19.2MHz)
  (net 102 /CPU/SD_0_DAT3)
  (net 103 /CPU/SD_0_DAT0)
  (net 104 /CPU/SD_0_DAT2)
  (net 105 /CPU/SD_0_CMD)
  (net 106 /CPU/SD_0_CLK)
  (net 107 /CPU/I2S_2_TXD)
  (net 108 /CPU/I2S_2_FS)
  (net 109 /CPU/I2S_2_CLK)
  (net 110 "Net-(U2-Pad49)")
  (net 111 /CPU/I2S_2_RXD)
  (net 112 /CPU/GP14)
  (net 113 /CPU/UART_1_TX)
  (net 114 /CPU/SD_0_CLK_FB)
  (net 115 /CPU/GP15)
  (net 116 /CPU/GP183)
  (net 117 "Net-(U2-Pad40)")
  (net 118 /CPU/GP182)
  (net 119 "Net-(U2-Pad38)")
  (net 120 /CPU/GP12)
  (net 121 /CPU/GP13)
  (net 122 /CPU/GP49)
  (net 123 /CPU/GP48)
  (net 124 "Net-(U2-Pad29)")
  (net 125 /CPU/GP47)
  (net 126 /CPU/GP46)
  (net 127 /CPU/GP165)
  (net 128 /CPU/GP45)
  (net 129 /CPU/GP44)
  (net 130 /CPU/CLK_OUT_32kHz)
  (net 131 "Net-(U8-Pad3)")
  (net 132 "Net-(U8-Pad6)")
  (net 133 "Net-(U8-Pad7)")
  (net 134 "Net-(U8-Pad8)")
  (net 135 "Net-(U8-Pad9)")
  (net 136 "Net-(U8-Pad10)")
  (net 137 "Net-(U8-Pad11)")
  (net 138 "Net-(U8-Pad21)")
  (net 139 "Net-(U8-Pad22)")
  (net 140 "Net-(U8-Pad27)")
  (net 141 "Net-(U8-Pad28)")
  (net 142 "Net-(U8-Pad31)")
  (net 143 "Net-(U8-Pad32)")
  (net 144 "Net-(D4-Pad1)")
  (net 145 "Net-(H1-Pad1)")
  (net 146 "Net-(H2-Pad1)")
  (net 147 "Net-(H3-Pad1)")
  (net 148 "Net-(H4-Pad1)")
  (net 149 "Net-(JP1-Pad1)")

  (net_class Default "This is the default net class."
    (clearance 0.127)
    (trace_width 0.2)
    (via_dia 0.635)
    (via_drill 0.5)
    (uvia_dia 0.635)
    (uvia_drill 0.254)
    (add_net +1V8)
    (add_net +3V3)
    (add_net +5V)
    (add_net /CPU/CLK_19.2MHz)
    (add_net /CPU/CLK_32kHz)
    (add_net /CPU/CLK_OUT_19.2MHz)
    (add_net /CPU/CLK_OUT_32kHz)
    (add_net /CPU/FW_RCVR)
    (add_net /CPU/GP12)
    (add_net /CPU/GP13)
    (add_net /CPU/GP134)
    (add_net /CPU/GP135)
    (add_net /CPU/GP14)
    (add_net /CPU/GP15)
    (add_net /CPU/GP165)
    (add_net /CPU/GP182)
    (add_net /CPU/GP183)
    (add_net /CPU/GP44)
    (add_net /CPU/GP45)
    (add_net /CPU/GP46)
    (add_net /CPU/GP47)
    (add_net /CPU/GP48)
    (add_net /CPU/GP49)
    (add_net /CPU/GP77)
    (add_net /CPU/GPIO12)
    (add_net /CPU/GPIO13)
    (add_net /CPU/GPIO134)
    (add_net /CPU/GPIO135)
    (add_net /CPU/GPIO14)
    (add_net /CPU/GPIO15)
    (add_net /CPU/GPIO165)
    (add_net /CPU/GPIO182)
    (add_net /CPU/GPIO183)
    (add_net /CPU/GPIO44)
    (add_net /CPU/GPIO45)
    (add_net /CPU/GPIO46)
    (add_net /CPU/GPIO47)
    (add_net /CPU/GPIO48)
    (add_net /CPU/GPIO49)
    (add_net /CPU/GPIO77)
    (add_net /CPU/I2C1_SCL)
    (add_net /CPU/I2C1_SDA)
    (add_net /CPU/I2C2_SCL)
    (add_net /CPU/I2C2_SDA)
    (add_net /CPU/I2C_1_SCL)
    (add_net /CPU/I2C_1_SDA)
    (add_net /CPU/I2C_6_SCL)
    (add_net /CPU/I2C_6_SDA)
    (add_net /CPU/I2S_2_CLK)
    (add_net /CPU/I2S_2_FS)
    (add_net /CPU/I2S_2_RXD)
    (add_net /CPU/I2S_2_TXD)
    (add_net /CPU/I2S_CLK)
    (add_net /CPU/I2S_FS)
    (add_net /CPU/I2S_RXD)
    (add_net /CPU/I2S_TXD)
    (add_net /CPU/PWR_BTN)
    (add_net /CPU/RCVR_MODE)
    (add_net /CPU/RESET_OUT)
    (add_net /CPU/RST_OUT)
    (add_net /CPU/SD_0_CD)
    (add_net /CPU/SD_0_CLK)
    (add_net /CPU/SD_0_CLK_FB)
    (add_net /CPU/SD_0_CMD)
    (add_net /CPU/SD_0_DAT0)
    (add_net /CPU/SD_0_DAT1)
    (add_net /CPU/SD_0_DAT2)
    (add_net /CPU/SD_0_DAT3)
    (add_net /CPU/SPI_2_CLK)
    (add_net /CPU/SPI_2_FS0)
    (add_net /CPU/SPI_2_FS1)
    (add_net /CPU/SPI_2_RXD)
    (add_net /CPU/SPI_2_TXD)
    (add_net /CPU/SPI_CLK)
    (add_net /CPU/SPI_CS0)
    (add_net /CPU/SPI_CS1)
    (add_net /CPU/SPI_MISO)
    (add_net /CPU/SPI_MOSI)
    (add_net /CPU/TTY_RX)
    (add_net /CPU/TTY_TX)
    (add_net /CPU/UART_1_CTS)
    (add_net /CPU/UART_1_RTS)
    (add_net /CPU/UART_1_RX)
    (add_net /CPU/UART_1_TX)
    (add_net /CPU/UART_CTS)
    (add_net /CPU/UART_RTS)
    (add_net /CPU/UART_RX)
    (add_net /CPU/UART_TX)
    (add_net /CPU/USB_DM)
    (add_net /CPU/USB_DP)
    (add_net /CPU/USB_ID)
    (add_net /CPU/USB_VBUS)
    (add_net /CPU/V_BAT)
    (add_net "/Power Supply/USB_VBUS2")
    (add_net "/SD Card/CLK")
    (add_net "/SD Card/CMD")
    (add_net "/SD Card/DAT0")
    (add_net "/SD Card/DAT1")
    (add_net "/SD Card/DAT2")
    (add_net "/SD Card/DAT3")
    (add_net /USB/EN)
    (add_net /USB/FAULT)
    (add_net GND)
    (add_net "Net-(C15-Pad1)")
    (add_net "Net-(C4-Pad1)")
    (add_net "Net-(C5-Pad1)")
    (add_net "Net-(D1-Pad1)")
    (add_net "Net-(D1-Pad2)")
    (add_net "Net-(D4-Pad1)")
    (add_net "Net-(D5-Pad1)")
    (add_net "Net-(FB1-Pad2)")
    (add_net "Net-(FB2-Pad2)")
    (add_net "Net-(FB3-Pad2)")
    (add_net "Net-(FB4-Pad2)")
    (add_net "Net-(GS1-Pad2)")
    (add_net "Net-(GS2-Pad2)")
    (add_net "Net-(GS3-Pad2)")
    (add_net "Net-(H1-Pad1)")
    (add_net "Net-(H2-Pad1)")
    (add_net "Net-(H3-Pad1)")
    (add_net "Net-(H4-Pad1)")
    (add_net "Net-(J1-Pad2)")
    (add_net "Net-(J1-Pad3)")
    (add_net "Net-(J2-Pad2)")
    (add_net "Net-(J2-Pad3)")
    (add_net "Net-(J2-Pad4)")
    (add_net "Net-(JP1-Pad1)")
    (add_net "Net-(R1-Pad1)")
    (add_net "Net-(R16-Pad1)")
    (add_net "Net-(R5-Pad2)")
    (add_net "Net-(TR2-Pad2)")
    (add_net "Net-(TR2-Pad3)")
    (add_net "Net-(U2-Pad29)")
    (add_net "Net-(U2-Pad38)")
    (add_net "Net-(U2-Pad40)")
    (add_net "Net-(U2-Pad49)")
    (add_net "Net-(U8-Pad10)")
    (add_net "Net-(U8-Pad11)")
    (add_net "Net-(U8-Pad21)")
    (add_net "Net-(U8-Pad22)")
    (add_net "Net-(U8-Pad27)")
    (add_net "Net-(U8-Pad28)")
    (add_net "Net-(U8-Pad3)")
    (add_net "Net-(U8-Pad31)")
    (add_net "Net-(U8-Pad32)")
    (add_net "Net-(U8-Pad6)")
    (add_net "Net-(U8-Pad7)")
    (add_net "Net-(U8-Pad8)")
    (add_net "Net-(U8-Pad9)")
  )

  (module Pin_Headers:Pin_Header_Straight_1x02 (layer F.Cu) (tedit 54DBB0B0) (tstamp 54DA8762)
    (at 84.6455 84.3915)
    (descr "Through hole pin header")
    (tags "pin header")
    (path /54DA1A9C/54500044)
    (fp_text reference BT1 (at 4.0005 0.1905 180) (layer F.SilkS)
      (effects (font (size 1 1) (thickness 0.15)))
    )
    (fp_text value BATTERY (at 0 0) (layer F.SilkS) hide
      (effects (font (size 1 1) (thickness 0.15)))
    )
    (fp_line (start 0 -1.27) (end 0 1.27) (layer F.SilkS) (width 0.15))
    (fp_line (start -2.54 -1.27) (end -2.54 1.27) (layer F.SilkS) (width 0.15))
    (fp_line (start -2.54 1.27) (end 0 1.27) (layer F.SilkS) (width 0.15))
    (fp_line (start 0 1.27) (end 2.54 1.27) (layer F.SilkS) (width 0.15))
    (fp_line (start 2.54 1.27) (end 2.54 -1.27) (layer F.SilkS) (width 0.15))
    (fp_line (start 2.54 -1.27) (end -2.54 -1.27) (layer F.SilkS) (width 0.15))
    (pad 1 thru_hole rect (at -1.27 0) (size 2.032 2.032) (drill 1.016) (layers *.Cu *.Mask F.SilkS)
      (net 1 /CPU/V_BAT))
    (pad 2 thru_hole oval (at 1.27 0) (size 2.032 2.032) (drill 1.016) (layers *.Cu *.Mask F.SilkS)
      (net 2 GND))
    (model Pin_Headers/Pin_Header_Straight_1x02.wrl
      (at (xyz 0 0 0))
      (scale (xyz 1 1 1))
      (rotate (xyz 0 0 0))
    )
  )

  (module SMD_Packages:SMD-0603_c (layer B.Cu) (tedit 54DC961C) (tstamp 54DA8768)
    (at 66.04 74.676 180)
    (path /54DA1A9C/5453A0F3)
    (attr smd)
    (fp_text reference C1 (at 2.286 0 180) (layer B.SilkS)
      (effects (font (size 1 1) (thickness 0.15)) (justify mirror))
    )
    (fp_text value 100nF (at -1.651 0 270) (layer B.SilkS) hide
      (effects (font (size 1 1) (thickness 0.15)) (justify mirror))
    )
    (fp_line (start 0.50038 -0.65024) (end 1.19888 -0.65024) (layer B.SilkS) (width 0.15))
    (fp_line (start -0.50038 -0.65024) (end -1.19888 -0.65024) (layer B.SilkS) (width 0.15))
    (fp_line (start 0.50038 0.65024) (end 1.19888 0.65024) (layer B.SilkS) (width 0.15))
    (fp_line (start -1.19888 0.65024) (end -0.50038 0.65024) (layer B.SilkS) (width 0.15))
    (fp_line (start 1.19888 0.635) (end 1.19888 -0.635) (layer B.SilkS) (width 0.15))
    (fp_line (start -1.19888 -0.635) (end -1.19888 0.635) (layer B.SilkS) (width 0.15))
    (pad 1 smd rect (at -0.762 0 180) (size 0.635 1.143) (layers B.Cu B.Paste B.Mask)
      (net 3 +3V3))
    (pad 2 smd rect (at 0.762 0 180) (size 0.635 1.143) (layers B.Cu B.Paste B.Mask)
      (net 2 GND))
    (model SMD_Packages/SMD-0603_c.wrl
      (at (xyz 0 0 0.001))
      (scale (xyz 0.5 0.5 0.5))
      (rotate (xyz 0 0 0))
    )
  )

  (module SMD_Packages:SMD-0603_c (layer F.Cu) (tedit 54DC95D1) (tstamp 54DA876E)
    (at 82.677 41.783 90)
    (path /54DA1A9C/54510ED5)
    (attr smd)
    (fp_text reference C2 (at 2.159 -0.127 180) (layer F.SilkS)
      (effects (font (size 1 1) (thickness 0.15)))
    )
    (fp_text value 100nF (at -1.651 0 180) (layer F.SilkS) hide
      (effects (font (size 1 1) (thickness 0.15)))
    )
    (fp_line (start 0.50038 0.65024) (end 1.19888 0.65024) (layer F.SilkS) (width 0.15))
    (fp_line (start -0.50038 0.65024) (end -1.19888 0.65024) (layer F.SilkS) (width 0.15))
    (fp_line (start 0.50038 -0.65024) (end 1.19888 -0.65024) (layer F.SilkS) (width 0.15))
    (fp_line (start -1.19888 -0.65024) (end -0.50038 -0.65024) (layer F.SilkS) (width 0.15))
    (fp_line (start 1.19888 -0.635) (end 1.19888 0.635) (layer F.SilkS) (width 0.15))
    (fp_line (start -1.19888 0.635) (end -1.19888 -0.635) (layer F.SilkS) (width 0.15))
    (pad 1 smd rect (at -0.762 0 90) (size 0.635 1.143) (layers F.Cu F.Paste F.Mask)
      (net 4 +1V8))
    (pad 2 smd rect (at 0.762 0 90) (size 0.635 1.143) (layers F.Cu F.Paste F.Mask)
      (net 2 GND))
    (model SMD_Packages/SMD-0603_c.wrl
      (at (xyz 0 0 0.001))
      (scale (xyz 0.5 0.5 0.5))
      (rotate (xyz 0 0 0))
    )
  )

  (module SMD_Packages:SMD-0603_c (layer F.Cu) (tedit 54DC95CD) (tstamp 54DA8774)
    (at 84.709 41.783 90)
    (path /54DA1A9C/54510EEA)
    (attr smd)
    (fp_text reference C3 (at 2.159 -0.127 180) (layer F.SilkS)
      (effects (font (size 1 1) (thickness 0.15)))
    )
    (fp_text value 100nF (at -1.651 0 180) (layer F.SilkS) hide
      (effects (font (size 1 1) (thickness 0.15)))
    )
    (fp_line (start 0.50038 0.65024) (end 1.19888 0.65024) (layer F.SilkS) (width 0.15))
    (fp_line (start -0.50038 0.65024) (end -1.19888 0.65024) (layer F.SilkS) (width 0.15))
    (fp_line (start 0.50038 -0.65024) (end 1.19888 -0.65024) (layer F.SilkS) (width 0.15))
    (fp_line (start -1.19888 -0.65024) (end -0.50038 -0.65024) (layer F.SilkS) (width 0.15))
    (fp_line (start 1.19888 -0.635) (end 1.19888 0.635) (layer F.SilkS) (width 0.15))
    (fp_line (start -1.19888 0.635) (end -1.19888 -0.635) (layer F.SilkS) (width 0.15))
    (pad 1 smd rect (at -0.762 0 90) (size 0.635 1.143) (layers F.Cu F.Paste F.Mask)
      (net 3 +3V3))
    (pad 2 smd rect (at 0.762 0 90) (size 0.635 1.143) (layers F.Cu F.Paste F.Mask)
      (net 2 GND))
    (model SMD_Packages/SMD-0603_c.wrl
      (at (xyz 0 0 0.001))
      (scale (xyz 0.5 0.5 0.5))
      (rotate (xyz 0 0 0))
    )
  )

  (module SMD_Packages:SMD-0603_c (layer B.Cu) (tedit 54DCC1A6) (tstamp 54DA877A)
    (at 64.516 77.978 270)
    (path /54DA1A9C/5453A0ED)
    (attr smd)
    (fp_text reference C4 (at 2.032 0.635 540) (layer B.SilkS)
      (effects (font (size 1 1) (thickness 0.15)) (justify mirror))
    )
    (fp_text value 100nF (at -1.651 0 360) (layer B.SilkS) hide
      (effects (font (size 1 1) (thickness 0.15)) (justify mirror))
    )
    (fp_line (start 0.50038 -0.65024) (end 1.19888 -0.65024) (layer B.SilkS) (width 0.15))
    (fp_line (start -0.50038 -0.65024) (end -1.19888 -0.65024) (layer B.SilkS) (width 0.15))
    (fp_line (start 0.50038 0.65024) (end 1.19888 0.65024) (layer B.SilkS) (width 0.15))
    (fp_line (start -1.19888 0.65024) (end -0.50038 0.65024) (layer B.SilkS) (width 0.15))
    (fp_line (start 1.19888 0.635) (end 1.19888 -0.635) (layer B.SilkS) (width 0.15))
    (fp_line (start -1.19888 -0.635) (end -1.19888 0.635) (layer B.SilkS) (width 0.15))
    (pad 1 smd rect (at -0.762 0 270) (size 0.635 1.143) (layers B.Cu B.Paste B.Mask)
      (net 5 "Net-(C4-Pad1)"))
    (pad 2 smd rect (at 0.762 0 270) (size 0.635 1.143) (layers B.Cu B.Paste B.Mask)
      (net 2 GND))
    (model SMD_Packages/SMD-0603_c.wrl
      (at (xyz 0 0 0.001))
      (scale (xyz 0.5 0.5 0.5))
      (rotate (xyz 0 0 0))
    )
  )

  (module SMD_Packages:SMD-0603_c (layer B.Cu) (tedit 54DCC1AD) (tstamp 54DB6CBC)
    (at 66.421 77.978 270)
    (path /54DA1A9C/5453A112)
    (attr smd)
    (fp_text reference C5 (at 2.032 -0.381 540) (layer B.SilkS)
      (effects (font (size 1 1) (thickness 0.15)) (justify mirror))
    )
    (fp_text value 100nF (at -1.651 0 360) (layer B.SilkS) hide
      (effects (font (size 1 1) (thickness 0.15)) (justify mirror))
    )
    (fp_line (start 0.50038 -0.65024) (end 1.19888 -0.65024) (layer B.SilkS) (width 0.15))
    (fp_line (start -0.50038 -0.65024) (end -1.19888 -0.65024) (layer B.SilkS) (width 0.15))
    (fp_line (start 0.50038 0.65024) (end 1.19888 0.65024) (layer B.SilkS) (width 0.15))
    (fp_line (start -1.19888 0.65024) (end -0.50038 0.65024) (layer B.SilkS) (width 0.15))
    (fp_line (start 1.19888 0.635) (end 1.19888 -0.635) (layer B.SilkS) (width 0.15))
    (fp_line (start -1.19888 -0.635) (end -1.19888 0.635) (layer B.SilkS) (width 0.15))
    (pad 1 smd rect (at -0.762 0 270) (size 0.635 1.143) (layers B.Cu B.Paste B.Mask)
      (net 6 "Net-(C5-Pad1)"))
    (pad 2 smd rect (at 0.762 0 270) (size 0.635 1.143) (layers B.Cu B.Paste B.Mask)
      (net 2 GND))
    (model SMD_Packages/SMD-0603_c.wrl
      (at (xyz 0 0 0.001))
      (scale (xyz 0.5 0.5 0.5))
      (rotate (xyz 0 0 0))
    )
  )

  (module SMD_Packages:SMD-0603_c (layer F.Cu) (tedit 54DC9638) (tstamp 54DA8786)
    (at 82.677 63.246 90)
    (path /54DA1A9C/545A06EA)
    (attr smd)
    (fp_text reference C6 (at 0 -1.397 270) (layer F.SilkS)
      (effects (font (size 1 1) (thickness 0.15)))
    )
    (fp_text value 100nF (at -1.651 0 180) (layer F.SilkS) hide
      (effects (font (size 1 1) (thickness 0.15)))
    )
    (fp_line (start 0.50038 0.65024) (end 1.19888 0.65024) (layer F.SilkS) (width 0.15))
    (fp_line (start -0.50038 0.65024) (end -1.19888 0.65024) (layer F.SilkS) (width 0.15))
    (fp_line (start 0.50038 -0.65024) (end 1.19888 -0.65024) (layer F.SilkS) (width 0.15))
    (fp_line (start -1.19888 -0.65024) (end -0.50038 -0.65024) (layer F.SilkS) (width 0.15))
    (fp_line (start 1.19888 -0.635) (end 1.19888 0.635) (layer F.SilkS) (width 0.15))
    (fp_line (start -1.19888 0.635) (end -1.19888 -0.635) (layer F.SilkS) (width 0.15))
    (pad 1 smd rect (at -0.762 0 90) (size 0.635 1.143) (layers F.Cu F.Paste F.Mask)
      (net 4 +1V8))
    (pad 2 smd rect (at 0.762 0 90) (size 0.635 1.143) (layers F.Cu F.Paste F.Mask)
      (net 2 GND))
    (model SMD_Packages/SMD-0603_c.wrl
      (at (xyz 0 0 0.001))
      (scale (xyz 0.5 0.5 0.5))
      (rotate (xyz 0 0 0))
    )
  )

  (module SMD_Packages:SMD-0603_c (layer F.Cu) (tedit 54DC963A) (tstamp 54DA878C)
    (at 84.836 63.246 90)
    (path /54DA1A9C/545A06FF)
    (attr smd)
    (fp_text reference C7 (at 0 1.524 270) (layer F.SilkS)
      (effects (font (size 1 1) (thickness 0.15)))
    )
    (fp_text value 100nF (at -1.651 0 180) (layer F.SilkS) hide
      (effects (font (size 1 1) (thickness 0.15)))
    )
    (fp_line (start 0.50038 0.65024) (end 1.19888 0.65024) (layer F.SilkS) (width 0.15))
    (fp_line (start -0.50038 0.65024) (end -1.19888 0.65024) (layer F.SilkS) (width 0.15))
    (fp_line (start 0.50038 -0.65024) (end 1.19888 -0.65024) (layer F.SilkS) (width 0.15))
    (fp_line (start -1.19888 -0.65024) (end -0.50038 -0.65024) (layer F.SilkS) (width 0.15))
    (fp_line (start 1.19888 -0.635) (end 1.19888 0.635) (layer F.SilkS) (width 0.15))
    (fp_line (start -1.19888 0.635) (end -1.19888 -0.635) (layer F.SilkS) (width 0.15))
    (pad 1 smd rect (at -0.762 0 90) (size 0.635 1.143) (layers F.Cu F.Paste F.Mask)
      (net 3 +3V3))
    (pad 2 smd rect (at 0.762 0 90) (size 0.635 1.143) (layers F.Cu F.Paste F.Mask)
      (net 2 GND))
    (model SMD_Packages/SMD-0603_c.wrl
      (at (xyz 0 0 0.001))
      (scale (xyz 0.5 0.5 0.5))
      (rotate (xyz 0 0 0))
    )
  )

  (module SMD_Packages:SMD-0603_c (layer F.Cu) (tedit 54DC9606) (tstamp 54DA8792)
    (at 46.228 78.359 270)
    (path /54DA1A9C/54DC5A72)
    (attr smd)
    (fp_text reference C8 (at 0.381 -1.778 360) (layer F.SilkS)
      (effects (font (size 1 1) (thickness 0.15)))
    )
    (fp_text value 100nF (at -1.651 0 360) (layer F.SilkS) hide
      (effects (font (size 1 1) (thickness 0.15)))
    )
    (fp_line (start 0.50038 0.65024) (end 1.19888 0.65024) (layer F.SilkS) (width 0.15))
    (fp_line (start -0.50038 0.65024) (end -1.19888 0.65024) (layer F.SilkS) (width 0.15))
    (fp_line (start 0.50038 -0.65024) (end 1.19888 -0.65024) (layer F.SilkS) (width 0.15))
    (fp_line (start -1.19888 -0.65024) (end -0.50038 -0.65024) (layer F.SilkS) (width 0.15))
    (fp_line (start 1.19888 -0.635) (end 1.19888 0.635) (layer F.SilkS) (width 0.15))
    (fp_line (start -1.19888 0.635) (end -1.19888 -0.635) (layer F.SilkS) (width 0.15))
    (pad 1 smd rect (at -0.762 0 270) (size 0.635 1.143) (layers F.Cu F.Paste F.Mask)
      (net 4 +1V8))
    (pad 2 smd rect (at 0.762 0 270) (size 0.635 1.143) (layers F.Cu F.Paste F.Mask)
      (net 2 GND))
    (model SMD_Packages/SMD-0603_c.wrl
      (at (xyz 0 0 0.001))
      (scale (xyz 0.5 0.5 0.5))
      (rotate (xyz 0 0 0))
    )
  )

  (module SMD_Packages:SMD-0603_c (layer F.Cu) (tedit 54DC9604) (tstamp 54DA8798)
    (at 44.069 78.359 270)
    (path /54DA1A9C/54DC5A81)
    (attr smd)
    (fp_text reference C9 (at 0.381 1.651 360) (layer F.SilkS)
      (effects (font (size 1 1) (thickness 0.15)))
    )
    (fp_text value 100nF (at -1.651 0 360) (layer F.SilkS) hide
      (effects (font (size 1 1) (thickness 0.15)))
    )
    (fp_line (start 0.50038 0.65024) (end 1.19888 0.65024) (layer F.SilkS) (width 0.15))
    (fp_line (start -0.50038 0.65024) (end -1.19888 0.65024) (layer F.SilkS) (width 0.15))
    (fp_line (start 0.50038 -0.65024) (end 1.19888 -0.65024) (layer F.SilkS) (width 0.15))
    (fp_line (start -1.19888 -0.65024) (end -0.50038 -0.65024) (layer F.SilkS) (width 0.15))
    (fp_line (start 1.19888 -0.635) (end 1.19888 0.635) (layer F.SilkS) (width 0.15))
    (fp_line (start -1.19888 0.635) (end -1.19888 -0.635) (layer F.SilkS) (width 0.15))
    (pad 1 smd rect (at -0.762 0 270) (size 0.635 1.143) (layers F.Cu F.Paste F.Mask)
      (net 3 +3V3))
    (pad 2 smd rect (at 0.762 0 270) (size 0.635 1.143) (layers F.Cu F.Paste F.Mask)
      (net 2 GND))
    (model SMD_Packages/SMD-0603_c.wrl
      (at (xyz 0 0 0.001))
      (scale (xyz 0.5 0.5 0.5))
      (rotate (xyz 0 0 0))
    )
  )

  (module SMD_Packages:SMD-0603_c (layer F.Cu) (tedit 54DC9613) (tstamp 54DA879E)
    (at 46.355 65.913 270)
    (path /54DA1A9C/54DC1248)
    (attr smd)
    (fp_text reference C10 (at 0.127 -2.159 360) (layer F.SilkS)
      (effects (font (size 1 1) (thickness 0.15)))
    )
    (fp_text value 100nF (at -1.651 0 360) (layer F.SilkS) hide
      (effects (font (size 1 1) (thickness 0.15)))
    )
    (fp_line (start 0.50038 0.65024) (end 1.19888 0.65024) (layer F.SilkS) (width 0.15))
    (fp_line (start -0.50038 0.65024) (end -1.19888 0.65024) (layer F.SilkS) (width 0.15))
    (fp_line (start 0.50038 -0.65024) (end 1.19888 -0.65024) (layer F.SilkS) (width 0.15))
    (fp_line (start -1.19888 -0.65024) (end -0.50038 -0.65024) (layer F.SilkS) (width 0.15))
    (fp_line (start 1.19888 -0.635) (end 1.19888 0.635) (layer F.SilkS) (width 0.15))
    (fp_line (start -1.19888 0.635) (end -1.19888 -0.635) (layer F.SilkS) (width 0.15))
    (pad 1 smd rect (at -0.762 0 270) (size 0.635 1.143) (layers F.Cu F.Paste F.Mask)
      (net 4 +1V8))
    (pad 2 smd rect (at 0.762 0 270) (size 0.635 1.143) (layers F.Cu F.Paste F.Mask)
      (net 2 GND))
    (model SMD_Packages/SMD-0603_c.wrl
      (at (xyz 0 0 0.001))
      (scale (xyz 0.5 0.5 0.5))
      (rotate (xyz 0 0 0))
    )
  )

  (module SMD_Packages:SMD-0603_c (layer F.Cu) (tedit 54DC9610) (tstamp 54DA87A4)
    (at 44.069 65.913 270)
    (path /54DA1A9C/54DC1257)
    (attr smd)
    (fp_text reference C11 (at 0.127 2.413 360) (layer F.SilkS)
      (effects (font (size 1 1) (thickness 0.15)))
    )
    (fp_text value 100nF (at -1.651 0 360) (layer F.SilkS) hide
      (effects (font (size 1 1) (thickness 0.15)))
    )
    (fp_line (start 0.50038 0.65024) (end 1.19888 0.65024) (layer F.SilkS) (width 0.15))
    (fp_line (start -0.50038 0.65024) (end -1.19888 0.65024) (layer F.SilkS) (width 0.15))
    (fp_line (start 0.50038 -0.65024) (end 1.19888 -0.65024) (layer F.SilkS) (width 0.15))
    (fp_line (start -1.19888 -0.65024) (end -0.50038 -0.65024) (layer F.SilkS) (width 0.15))
    (fp_line (start 1.19888 -0.635) (end 1.19888 0.635) (layer F.SilkS) (width 0.15))
    (fp_line (start -1.19888 0.635) (end -1.19888 -0.635) (layer F.SilkS) (width 0.15))
    (pad 1 smd rect (at -0.762 0 270) (size 0.635 1.143) (layers F.Cu F.Paste F.Mask)
      (net 3 +3V3))
    (pad 2 smd rect (at 0.762 0 270) (size 0.635 1.143) (layers F.Cu F.Paste F.Mask)
      (net 2 GND))
    (model SMD_Packages/SMD-0603_c.wrl
      (at (xyz 0 0 0.001))
      (scale (xyz 0.5 0.5 0.5))
      (rotate (xyz 0 0 0))
    )
  )

  (module SMD_Packages:SMD-0603_c (layer F.Cu) (tedit 54DC95FE) (tstamp 54DA87AA)
    (at 31.877 78.867 180)
    (path /54DD67E8/545F476C)
    (attr smd)
    (fp_text reference C12 (at 1.905 0.127 270) (layer F.SilkS)
      (effects (font (size 1 1) (thickness 0.15)))
    )
    (fp_text value 2.2uF (at -1.651 0 270) (layer F.SilkS) hide
      (effects (font (size 1 1) (thickness 0.15)))
    )
    (fp_line (start 0.50038 0.65024) (end 1.19888 0.65024) (layer F.SilkS) (width 0.15))
    (fp_line (start -0.50038 0.65024) (end -1.19888 0.65024) (layer F.SilkS) (width 0.15))
    (fp_line (start 0.50038 -0.65024) (end 1.19888 -0.65024) (layer F.SilkS) (width 0.15))
    (fp_line (start -1.19888 -0.65024) (end -0.50038 -0.65024) (layer F.SilkS) (width 0.15))
    (fp_line (start 1.19888 -0.635) (end 1.19888 0.635) (layer F.SilkS) (width 0.15))
    (fp_line (start -1.19888 0.635) (end -1.19888 -0.635) (layer F.SilkS) (width 0.15))
    (pad 1 smd rect (at -0.762 0 180) (size 0.635 1.143) (layers F.Cu F.Paste F.Mask)
      (net 7 /CPU/USB_VBUS))
    (pad 2 smd rect (at 0.762 0 180) (size 0.635 1.143) (layers F.Cu F.Paste F.Mask)
      (net 2 GND))
    (model SMD_Packages/SMD-0603_c.wrl
      (at (xyz 0 0 0.001))
      (scale (xyz 0.5 0.5 0.5))
      (rotate (xyz 0 0 0))
    )
  )

  (module SMD_Packages:SMD-0603_c (layer F.Cu) (tedit 54DC95F3) (tstamp 54DA87B0)
    (at 41.148 83.439 180)
    (path /54DD67E8/5453E448)
    (attr smd)
    (fp_text reference C13 (at 0 1.397 360) (layer F.SilkS)
      (effects (font (size 1 1) (thickness 0.15)))
    )
    (fp_text value 100nF (at -1.651 0 270) (layer F.SilkS) hide
      (effects (font (size 1 1) (thickness 0.15)))
    )
    (fp_line (start 0.50038 0.65024) (end 1.19888 0.65024) (layer F.SilkS) (width 0.15))
    (fp_line (start -0.50038 0.65024) (end -1.19888 0.65024) (layer F.SilkS) (width 0.15))
    (fp_line (start 0.50038 -0.65024) (end 1.19888 -0.65024) (layer F.SilkS) (width 0.15))
    (fp_line (start -1.19888 -0.65024) (end -0.50038 -0.65024) (layer F.SilkS) (width 0.15))
    (fp_line (start 1.19888 -0.635) (end 1.19888 0.635) (layer F.SilkS) (width 0.15))
    (fp_line (start -1.19888 0.635) (end -1.19888 -0.635) (layer F.SilkS) (width 0.15))
    (pad 1 smd rect (at -0.762 0 180) (size 0.635 1.143) (layers F.Cu F.Paste F.Mask)
      (net 4 +1V8))
    (pad 2 smd rect (at 0.762 0 180) (size 0.635 1.143) (layers F.Cu F.Paste F.Mask)
      (net 2 GND))
    (model SMD_Packages/SMD-0603_c.wrl
      (at (xyz 0 0 0.001))
      (scale (xyz 0.5 0.5 0.5))
      (rotate (xyz 0 0 0))
    )
  )

  (module SMD_Packages:SMD-0603_c (layer F.Cu) (tedit 54DC95E0) (tstamp 54DA87B6)
    (at 40.259 91.821)
    (path /54DD67E8/5453E459)
    (attr smd)
    (fp_text reference C14 (at 2.667 -0.127 180) (layer F.SilkS)
      (effects (font (size 1 1) (thickness 0.15)))
    )
    (fp_text value 100nF (at -1.651 0 90) (layer F.SilkS) hide
      (effects (font (size 1 1) (thickness 0.15)))
    )
    (fp_line (start 0.50038 0.65024) (end 1.19888 0.65024) (layer F.SilkS) (width 0.15))
    (fp_line (start -0.50038 0.65024) (end -1.19888 0.65024) (layer F.SilkS) (width 0.15))
    (fp_line (start 0.50038 -0.65024) (end 1.19888 -0.65024) (layer F.SilkS) (width 0.15))
    (fp_line (start -1.19888 -0.65024) (end -0.50038 -0.65024) (layer F.SilkS) (width 0.15))
    (fp_line (start 1.19888 -0.635) (end 1.19888 0.635) (layer F.SilkS) (width 0.15))
    (fp_line (start -1.19888 0.635) (end -1.19888 -0.635) (layer F.SilkS) (width 0.15))
    (pad 1 smd rect (at -0.762 0) (size 0.635 1.143) (layers F.Cu F.Paste F.Mask)
      (net 8 "/Power Supply/USB_VBUS2"))
    (pad 2 smd rect (at 0.762 0) (size 0.635 1.143) (layers F.Cu F.Paste F.Mask)
      (net 2 GND))
    (model SMD_Packages/SMD-0603_c.wrl
      (at (xyz 0 0 0.001))
      (scale (xyz 0.5 0.5 0.5))
      (rotate (xyz 0 0 0))
    )
  )

  (module SMD_Packages:SMD-0603_c (layer F.Cu) (tedit 54DC95E2) (tstamp 54DA87BC)
    (at 34.544 90.043 180)
    (path /54DD67E8/5453EB65)
    (attr smd)
    (fp_text reference C15 (at 0 -1.397 360) (layer F.SilkS)
      (effects (font (size 1 1) (thickness 0.15)))
    )
    (fp_text value 100nF (at -1.651 0 270) (layer F.SilkS) hide
      (effects (font (size 1 1) (thickness 0.15)))
    )
    (fp_line (start 0.50038 0.65024) (end 1.19888 0.65024) (layer F.SilkS) (width 0.15))
    (fp_line (start -0.50038 0.65024) (end -1.19888 0.65024) (layer F.SilkS) (width 0.15))
    (fp_line (start 0.50038 -0.65024) (end 1.19888 -0.65024) (layer F.SilkS) (width 0.15))
    (fp_line (start -1.19888 -0.65024) (end -0.50038 -0.65024) (layer F.SilkS) (width 0.15))
    (fp_line (start 1.19888 -0.635) (end 1.19888 0.635) (layer F.SilkS) (width 0.15))
    (fp_line (start -1.19888 0.635) (end -1.19888 -0.635) (layer F.SilkS) (width 0.15))
    (pad 1 smd rect (at -0.762 0 180) (size 0.635 1.143) (layers F.Cu F.Paste F.Mask)
      (net 9 "Net-(C15-Pad1)"))
    (pad 2 smd rect (at 0.762 0 180) (size 0.635 1.143) (layers F.Cu F.Paste F.Mask)
      (net 2 GND))
    (model SMD_Packages/SMD-0603_c.wrl
      (at (xyz 0 0 0.001))
      (scale (xyz 0.5 0.5 0.5))
      (rotate (xyz 0 0 0))
    )
  )

  (module SMD_Packages:SMD-0603_c (layer F.Cu) (tedit 54ECBF7E) (tstamp 54DA87C2)
    (at 59.182 46.863 90)
    (path /54DE09A3/5454023C)
    (attr smd)
    (fp_text reference C16 (at 2.032 -0.0635 360) (layer F.SilkS)
      (effects (font (size 1 1) (thickness 0.15)))
    )
    (fp_text value 100nF (at -1.651 0 180) (layer F.SilkS) hide
      (effects (font (size 1 1) (thickness 0.15)))
    )
    (fp_line (start 0.50038 0.65024) (end 1.19888 0.65024) (layer F.SilkS) (width 0.15))
    (fp_line (start -0.50038 0.65024) (end -1.19888 0.65024) (layer F.SilkS) (width 0.15))
    (fp_line (start 0.50038 -0.65024) (end 1.19888 -0.65024) (layer F.SilkS) (width 0.15))
    (fp_line (start -1.19888 -0.65024) (end -0.50038 -0.65024) (layer F.SilkS) (width 0.15))
    (fp_line (start 1.19888 -0.635) (end 1.19888 0.635) (layer F.SilkS) (width 0.15))
    (fp_line (start -1.19888 0.635) (end -1.19888 -0.635) (layer F.SilkS) (width 0.15))
    (pad 1 smd rect (at -0.762 0 90) (size 0.635 1.143) (layers F.Cu F.Paste F.Mask)
      (net 3 +3V3))
    (pad 2 smd rect (at 0.762 0 90) (size 0.635 1.143) (layers F.Cu F.Paste F.Mask)
      (net 2 GND))
    (model SMD_Packages/SMD-0603_c.wrl
      (at (xyz 0 0 0.001))
      (scale (xyz 0.5 0.5 0.5))
      (rotate (xyz 0 0 0))
    )
  )

  (module SMD_Packages:SMD-0603_c (layer F.Cu) (tedit 54ECBF78) (tstamp 54DA87C8)
    (at 59.182 51.435 270)
    (path /54DE09A3/5454036F)
    (attr smd)
    (fp_text reference C17 (at 1.9685 -0.0635 540) (layer F.SilkS)
      (effects (font (size 1 1) (thickness 0.15)))
    )
    (fp_text value 100nF (at -1.651 0 360) (layer F.SilkS) hide
      (effects (font (size 1 1) (thickness 0.15)))
    )
    (fp_line (start 0.50038 0.65024) (end 1.19888 0.65024) (layer F.SilkS) (width 0.15))
    (fp_line (start -0.50038 0.65024) (end -1.19888 0.65024) (layer F.SilkS) (width 0.15))
    (fp_line (start 0.50038 -0.65024) (end 1.19888 -0.65024) (layer F.SilkS) (width 0.15))
    (fp_line (start -1.19888 -0.65024) (end -0.50038 -0.65024) (layer F.SilkS) (width 0.15))
    (fp_line (start 1.19888 -0.635) (end 1.19888 0.635) (layer F.SilkS) (width 0.15))
    (fp_line (start -1.19888 0.635) (end -1.19888 -0.635) (layer F.SilkS) (width 0.15))
    (pad 1 smd rect (at -0.762 0 270) (size 0.635 1.143) (layers F.Cu F.Paste F.Mask)
      (net 4 +1V8))
    (pad 2 smd rect (at 0.762 0 270) (size 0.635 1.143) (layers F.Cu F.Paste F.Mask)
      (net 2 GND))
    (model SMD_Packages/SMD-0603_c.wrl
      (at (xyz 0 0 0.001))
      (scale (xyz 0.5 0.5 0.5))
      (rotate (xyz 0 0 0))
    )
  )

  (module SMD_Packages:SMD-0603_c (layer B.Cu) (tedit 54DC95AE) (tstamp 54DA87CE)
    (at 63.0428 32.4358)
    (path /54DE09A3/54540289)
    (attr smd)
    (fp_text reference C18 (at 0 1.651) (layer B.SilkS)
      (effects (font (size 1 1) (thickness 0.15)) (justify mirror))
    )
    (fp_text value 100nF (at -1.651 0 90) (layer B.SilkS) hide
      (effects (font (size 1 1) (thickness 0.15)) (justify mirror))
    )
    (fp_line (start 0.50038 -0.65024) (end 1.19888 -0.65024) (layer B.SilkS) (width 0.15))
    (fp_line (start -0.50038 -0.65024) (end -1.19888 -0.65024) (layer B.SilkS) (width 0.15))
    (fp_line (start 0.50038 0.65024) (end 1.19888 0.65024) (layer B.SilkS) (width 0.15))
    (fp_line (start -1.19888 0.65024) (end -0.50038 0.65024) (layer B.SilkS) (width 0.15))
    (fp_line (start 1.19888 0.635) (end 1.19888 -0.635) (layer B.SilkS) (width 0.15))
    (fp_line (start -1.19888 -0.635) (end -1.19888 0.635) (layer B.SilkS) (width 0.15))
    (pad 1 smd rect (at -0.762 0) (size 0.635 1.143) (layers B.Cu B.Paste B.Mask)
      (net 3 +3V3))
    (pad 2 smd rect (at 0.762 0) (size 0.635 1.143) (layers B.Cu B.Paste B.Mask)
      (net 2 GND))
    (model SMD_Packages/SMD-0603_c.wrl
      (at (xyz 0 0 0.001))
      (scale (xyz 0.5 0.5 0.5))
      (rotate (xyz 0 0 0))
    )
  )

  (module Capacitors_Tantalum_SMD:TantalC_SizeB_EIA-3528_HandSoldering (layer F.Cu) (tedit 54DBB084) (tstamp 54DA87D4)
    (at 93.091 82.677 180)
    (descr "Tantal Cap. , Size B, EIA-3528, Hand Soldering,")
    (tags "Tantal Cap. , Size B, EIA-3528, Hand Soldering,")
    (path /54DB722F/54DB7F69)
    (attr smd)
    (fp_text reference C19 (at -4.953 0.127 270) (layer F.SilkS)
      (effects (font (size 1 1) (thickness 0.15)))
    )
    (fp_text value 10uF (at -0.09906 3.59918 180) (layer F.SilkS) hide
      (effects (font (size 1 1) (thickness 0.15)))
    )
    (fp_text user + (at -4.70154 -2.4003 180) (layer F.SilkS)
      (effects (font (size 1 1) (thickness 0.15)))
    )
    (fp_line (start -4.20116 -1.89992) (end -4.20116 1.89992) (layer F.SilkS) (width 0.15))
    (fp_line (start 2.49936 -1.89992) (end -2.49936 -1.89992) (layer F.SilkS) (width 0.15))
    (fp_line (start 2.49682 1.89992) (end -2.5019 1.89992) (layer F.SilkS) (width 0.15))
    (fp_line (start -4.70408 -2.90322) (end -4.70408 -1.8034) (layer F.SilkS) (width 0.15))
    (fp_line (start -5.30352 -2.40284) (end -4.10464 -2.40284) (layer F.SilkS) (width 0.15))
    (pad 2 smd rect (at 2.12598 0 180) (size 3.1496 1.80086) (layers F.Cu F.Paste F.Mask)
      (net 2 GND))
    (pad 1 smd rect (at -2.12598 0 180) (size 3.1496 1.80086) (layers F.Cu F.Paste F.Mask)
      (net 10 +5V))
    (model Capacitors_Tantalum_SMD/TantalC_SizeB_EIA-3528_HandSoldering.wrl
      (at (xyz 0 0 0))
      (scale (xyz 1 1 1))
      (rotate (xyz 0 0 180))
    )
  )

  (module Capacitors_Tantalum_SMD:TantalC_SizeB_EIA-3528_HandSoldering (layer F.Cu) (tedit 54DBB08D) (tstamp 54DA87DA)
    (at 93.091 73.025 180)
    (descr "Tantal Cap. , Size B, EIA-3528, Hand Soldering,")
    (tags "Tantal Cap. , Size B, EIA-3528, Hand Soldering,")
    (path /54DB722F/52B78D18)
    (attr smd)
    (fp_text reference C20 (at -4.953 0.127 270) (layer F.SilkS)
      (effects (font (size 1 1) (thickness 0.15)))
    )
    (fp_text value 10uF (at -0.09906 3.59918 180) (layer F.SilkS) hide
      (effects (font (size 1 1) (thickness 0.15)))
    )
    (fp_text user + (at -4.70154 -2.4003 180) (layer F.SilkS)
      (effects (font (size 1 1) (thickness 0.15)))
    )
    (fp_line (start -4.20116 -1.89992) (end -4.20116 1.89992) (layer F.SilkS) (width 0.15))
    (fp_line (start 2.49936 -1.89992) (end -2.49936 -1.89992) (layer F.SilkS) (width 0.15))
    (fp_line (start 2.49682 1.89992) (end -2.5019 1.89992) (layer F.SilkS) (width 0.15))
    (fp_line (start -4.70408 -2.90322) (end -4.70408 -1.8034) (layer F.SilkS) (width 0.15))
    (fp_line (start -5.30352 -2.40284) (end -4.10464 -2.40284) (layer F.SilkS) (width 0.15))
    (pad 2 smd rect (at 2.12598 0 180) (size 3.1496 1.80086) (layers F.Cu F.Paste F.Mask)
      (net 2 GND))
    (pad 1 smd rect (at -2.12598 0 180) (size 3.1496 1.80086) (layers F.Cu F.Paste F.Mask)
      (net 3 +3V3))
    (model Capacitors_Tantalum_SMD/TantalC_SizeB_EIA-3528_HandSoldering.wrl
      (at (xyz 0 0 0))
      (scale (xyz 1 1 1))
      (rotate (xyz 0 0 180))
    )
  )

  (module Capacitors_Tantalum_SMD:TantalC_SizeB_EIA-3528_HandSoldering (layer F.Cu) (tedit 54DBB089) (tstamp 54DA87E0)
    (at 93.091 77.851 180)
    (descr "Tantal Cap. , Size B, EIA-3528, Hand Soldering,")
    (tags "Tantal Cap. , Size B, EIA-3528, Hand Soldering,")
    (path /54DB722F/5453FB51)
    (attr smd)
    (fp_text reference C21 (at -4.953 -0.127 270) (layer F.SilkS)
      (effects (font (size 1 1) (thickness 0.15)))
    )
    (fp_text value 10uF (at -0.09906 3.59918 180) (layer F.SilkS) hide
      (effects (font (size 1 1) (thickness 0.15)))
    )
    (fp_text user + (at -4.70154 -2.4003 180) (layer F.SilkS)
      (effects (font (size 1 1) (thickness 0.15)))
    )
    (fp_line (start -4.20116 -1.89992) (end -4.20116 1.89992) (layer F.SilkS) (width 0.15))
    (fp_line (start 2.49936 -1.89992) (end -2.49936 -1.89992) (layer F.SilkS) (width 0.15))
    (fp_line (start 2.49682 1.89992) (end -2.5019 1.89992) (layer F.SilkS) (width 0.15))
    (fp_line (start -4.70408 -2.90322) (end -4.70408 -1.8034) (layer F.SilkS) (width 0.15))
    (fp_line (start -5.30352 -2.40284) (end -4.10464 -2.40284) (layer F.SilkS) (width 0.15))
    (pad 2 smd rect (at 2.12598 0 180) (size 3.1496 1.80086) (layers F.Cu F.Paste F.Mask)
      (net 2 GND))
    (pad 1 smd rect (at -2.12598 0 180) (size 3.1496 1.80086) (layers F.Cu F.Paste F.Mask)
      (net 4 +1V8))
    (model Capacitors_Tantalum_SMD/TantalC_SizeB_EIA-3528_HandSoldering.wrl
      (at (xyz 0 0 0))
      (scale (xyz 1 1 1))
      (rotate (xyz 0 0 180))
    )
  )

  (module LEDs:LED-0603 (layer F.Cu) (tedit 54DB44D3) (tstamp 54DA87ED)
    (at 85.725 76.835 180)
    (descr "LED 0603 smd package")
    (tags "LED led 0603 SMD smd SMT smt smdled SMDLED smtled SMTLED")
    (path /54DA1A9C/54523FB5)
    (attr smd)
    (fp_text reference D1 (at -2.286 0 180) (layer F.SilkS)
      (effects (font (size 1 1) (thickness 0.15)))
    )
    (fp_text value LED (at 0 1.016 180) (layer F.SilkS) hide
      (effects (font (size 1 1) (thickness 0.15)))
    )
    (fp_line (start 0.44958 -0.44958) (end 0.44958 0.44958) (layer F.SilkS) (width 0.15))
